City_ID,City,Lat,Lng,Max Temp,Humidity,Cloudiness,Wind Speed,Country,Date
0,naze,28.3667,129.4833,20.51,64,99,6.47,JP,1701068449
1,grytviken,-54.2811,-36.5092,0.93,94,100,6.69,GS,1701068450
2,port blair,11.6667,92.75,31.02,70,75,5.14,IN,1701068450
3,enewetak,11.3474,162.3373,28.03,81,10,9.91,MH,1701068450
4,margaret river,-33.95,115.0667,20.17,69,100,6.61,AU,1701068450
5,whitehorse,60.7161,-135.0538,3.43,81,100,5.66,CA,1701068451
6,chonchi,-42.6128,-73.8092,7.84,95,100,0.6,CL,1701068451
7,freetown,8.484,-13.2299,24.84,94,75,1.54,SL,1701068451
8,medicine hat,50.0501,-110.6683,-4.32,91,0,1.54,CA,1701068451
9,avarua,-21.2078,-159.775,24.03,78,100,5.14,CK,1701068452
10,fort mcmurray,56.7268,-111.381,-6.23,93,100,3.09,CA,1701068452
11,ta`u,-14.2336,-169.5144,27.8,85,100,8.6,AS,1701068452
12,caleta de carquin,-11.0925,-77.6267,18.18,88,72,6.15,PE,1701068452
13,buka,40.8108,69.1986,17.68,22,100,1.16,UZ,1701068453
14,beberibe,-4.1797,-38.1306,26.12,74,8,4.81,BR,1701068453
15,weno,7.4515,151.8468,28.47,82,100,8.27,FM,1701068453
16,papatowai,-46.5619,169.4708,11.3,97,100,1.67,NZ,1701068454
17,constantia,44.1833,28.65,-3.5,89,100,6.5,RO,1701068454
18,sitka,57.0531,-135.33,7.94,81,100,4.63,US,1701068454
19,tromso,69.6496,18.957,-3.99,80,40,2.57,NO,1701068454
20,waitangi,-43.9535,-176.5597,12.68,92,100,0.45,NZ,1701068454
21,carnarvon,-24.8667,113.6333,22.56,69,100,6.12,AU,1701068455
22,west memphis,35.1465,-90.1845,2.17,74,0,0.0,US,1701068209
23,kourou,5.1552,-52.6478,26.03,91,95,3.16,GF,1701068455
24,arenzano,44.4052,8.6832,12.03,85,75,4.63,IT,1701068455
25,newman,37.3138,-121.0208,9.04,52,42,1.36,US,1701068456
26,bethel,41.3712,-73.414,12.33,84,100,2.57,US,1701068456
27,edinburgh of the seven seas,-37.0676,-12.3116,13.18,68,6,9.03,SH,1701068456
28,ribeira grande,38.5167,-28.7,17.65,94,100,2.68,PT,1701068456
29,maloye ganyushkino,46.6,49.2667,7.72,79,100,4.56,KZ,1701068457
30,vila franca do campo,37.7167,-25.4333,18.23,99,100,5.26,PT,1701068457
31,puerto ayora,-0.7393,-90.3518,24.75,92,90,2.68,EC,1701068457
32,aktau,43.65,51.2,12.32,86,72,7.85,KZ,1701068457
33,kununurra,-15.7667,128.7333,37.99,39,40,3.6,AU,1701068457
34,nouadhibou,20.931,-17.0347,18.99,59,0,6.17,MR,1701068458
35,alice springs,-23.7,133.8833,34.75,23,3,2.57,AU,1701068458
36,ouesso,1.6136,16.0517,24.44,86,100,0.92,CG,1701068458
37,inari,68.906,27.0288,-17.89,99,77,0.91,FI,1701068458
38,tinnanur,13.1114,80.0261,29.86,68,55,4.74,IN,1701068459
39,olonkinbyen,70.9221,-8.7187,1.37,89,100,8.19,SJ,1701068459
40,fort bragg,35.139,-79.006,8.23,93,100,3.09,US,1701068459
41,tosontsengel,48.7567,98.2839,-6.14,86,100,2.7,MN,1701068459
42,adamstown,-25.066,-130.1015,21.99,85,100,7.35,PN,1701068459
43,port mathurin,-19.6833,63.4167,25.07,68,0,6.21,MU,1701068460
44,ushuaia,-54.8,-68.3,4.81,75,0,2.57,AR,1701068460
45,aasiaat,68.7098,-52.8699,-5.17,96,100,5.15,GL,1701068461
46,hawaiian paradise park,19.5933,-154.9731,21.69,95,100,3.43,US,1701068461
47,jutai,-5.1833,-68.9,21.08,97,80,1.11,BR,1701068461
48,argo,37.6333,22.7333,11.55,79,87,3.0,GR,1701068461
49,zaragoza,41.6561,-0.8773,11.93,76,0,1.54,ES,1701068288
50,archidona,37.0965,-4.3887,9.67,84,11,0.22,ES,1701068463
51,hami,42.8,93.45,9.48,27,96,1.53,CN,1701068463
52,mount pearl,47.5166,-52.7813,1.29,89,75,2.57,CA,1701068464
53,port alfred,-33.5906,26.891,24.54,79,0,2.68,ZA,1701068464
54,bilibino,68.0546,166.4372,-13.1,97,39,2.28,RU,1701068465
55,auki,-8.7676,160.7034,26.52,87,100,0.97,SB,1701068465
56,jamestown,42.097,-79.2353,4.77,96,100,6.17,US,1701068239
57,ilulissat,69.2167,-51.1,-2.99,93,100,2.06,GL,1701068467
58,stanley,54.868,-1.6985,3.21,96,40,2.06,GB,1701068467
59,port elizabeth,-33.918,25.5701,24.06,71,20,9.77,ZA,1701068467
60,port-aux-francais,-49.35,70.2167,4.19,79,96,7.67,TF,1701068468
61,hadibu,12.65,54.0333,27.71,62,100,7.28,YE,1701068469
62,nadi,-17.8,177.4167,28.0,78,40,5.66,FJ,1701068243
63,macia,-25.0269,33.0989,30.3,51,26,2.35,MZ,1701068470
64,lihue,21.9789,-159.3672,22.42,90,100,4.49,US,1701068470
65,dadukou,26.5479,101.7054,22.01,47,8,0.91,CN,1701068471
66,atafu village,-8.5421,-172.5159,29.68,77,100,7.47,TK,1701068471
67,blackmans bay,-43.0167,147.3167,12.51,74,61,4.52,AU,1701068471
68,toro,4.6117,-76.0814,19.35,96,66,0.42,CO,1701068472
69,rikaze,29.25,88.8833,9.92,19,56,1.45,CN,1701068472
70,acarau,-2.8856,-40.12,26.35,73,24,6.15,BR,1701068472
71,geraldton,-28.7667,114.6,25.23,47,40,7.72,AU,1701068473
72,maryville,35.7565,-83.9705,7.29,89,75,4.47,US,1701068473
73,veraval,20.9,70.3667,25.97,61,90,2.36,IN,1701068474
74,iqaluit,63.7506,-68.5145,-7.15,79,75,6.17,CA,1701068474
75,longyearbyen,78.2186,15.6401,2.91,75,75,8.75,SJ,1701068475
76,college,64.8569,-147.8028,-5.86,91,100,1.54,US,1701068475
77,isangel,-19.55,169.2667,27.06,74,75,4.12,VU,1701068475
78,emmett,43.8735,-116.4993,-1.06,78,6,1.24,US,1701068476
79,udachny,66.4167,112.4,-21.09,99,100,2.85,RU,1701068476
80,kapa'a,22.0752,-159.319,22.83,88,100,0.89,US,1701068477
81,cabo san lucas,22.8909,-109.9124,25.42,72,100,1.59,MX,1701068352
82,bria,6.5423,21.9863,26.13,69,97,1.56,CF,1701068478
83,vorgashor,67.5833,63.95,-21.51,100,29,2.1,RU,1701068479
84,punta arenas,-53.15,-70.9167,3.06,81,0,2.06,CL,1701068417
85,tidjikja,18.5564,-11.4271,17.81,20,0,5.49,MR,1701068479
86,puerto natales,-51.7236,-72.4875,1.8,92,98,1.73,CL,1701068480
87,la'ie,21.6477,-157.9253,23.66,84,100,2.68,US,1701068480
88,mostaganem,35.9311,0.0892,14.1,75,100,3.88,DZ,1701068481
89,tiksi,71.6872,128.8694,-21.24,100,93,2.86,RU,1701068481
90,hermanus,-34.4187,19.2345,20.47,60,27,1.17,ZA,1701068482
91,aykhal,66.0,111.5,-21.03,98,100,3.95,RU,1701068483
92,mpanda,-6.3655,31.0409,20.91,88,99,0.32,TZ,1701068483
93,dudinka,69.4058,86.1778,-27.32,100,42,2.86,RU,1701068484
94,kasongo-lunda,-6.4667,16.8167,22.29,96,100,0.36,CD,1701068484
95,owando,-0.4819,15.8999,26.39,69,19,0.8,CG,1701068485
96,tukrah,32.5341,20.5791,16.9,46,51,4.79,LY,1701068486
97,ghadamis,30.1337,9.5007,13.04,38,32,3.77,LY,1701068486
98,kidal,18.4411,1.4078,21.16,13,100,3.4,ML,1701068486
99,amga,60.8953,131.9608,-27.85,99,100,0.75,RU,1701068487
100,alaghsas,17.0187,8.0168,19.94,21,100,2.57,NE,1701068487
101,rawson,-43.3002,-65.1023,12.82,59,100,7.52,AR,1701068364
102,zhumysker,49.3333,49.4,4.19,77,100,2.22,KZ,1701068488
103,saint-pierre,-21.3393,55.4781,28.82,65,75,5.14,RE,1701068489
104,mora,11.0461,14.1401,28.59,20,84,2.24,CM,1701068489
105,richards bay,-28.783,32.0377,28.61,62,5,2.65,ZA,1701068489
106,baicheng,45.6167,122.8167,-7.8,70,100,5.31,CN,1701068490
107,lebu,-37.6167,-73.65,11.88,95,1,2.54,CL,1701068490
108,vancleave,30.5405,-88.6875,12.0,89,100,3.55,US,1701068491
109,ingeniero jacobacci,-41.3427,-69.5448,13.56,40,5,6.06,AR,1701068492
110,vryburg,-26.9566,24.7284,33.41,14,5,3.95,ZA,1701068492
111,ialibu,-6.2821,143.9935,17.53,96,100,0.72,PG,1701068492
112,haiku-pauwela,20.9219,-156.3051,23.91,81,99,5.36,US,1701068493
113,palmer,42.1584,-72.3287,11.59,81,100,3.13,US,1701068493
114,kimbe,-5.5502,150.1429,28.25,81,97,0.85,PG,1701068494
115,pemba,-12.974,40.5178,29.39,79,20,1.54,MZ,1701068494
116,corinto,37.9407,22.9573,11.61,50,35,3.03,GR,1701068419
117,revda,56.801,59.9303,0.07,75,83,4.29,RU,1701068495
118,kujang-up,39.8672,126.0303,1.96,98,97,1.34,KP,1701068495
119,limulunga,-15.0969,23.1376,27.37,49,23,3.26,ZM,1701068496
120,ust-nera,64.5667,143.2,-23.67,95,99,3.11,RU,1701068496
121,egilsstadir,65.2653,-14.3948,0.95,93,0,5.66,IS,1701068496
122,griffith,41.5284,-87.4237,-1.61,77,100,6.69,US,1701068497
123,mount isa,-20.7333,139.5,23.87,83,100,6.17,AU,1701068474
124,xinqing,48.2333,129.5,-11.36,70,100,0.07,CN,1701068498
125,sinjai,-5.1241,120.253,31.23,62,98,4.12,ID,1701068500
126,tralee,52.2704,-9.7026,8.66,94,11,2.69,IE,1701068500
127,kismayo,-0.3582,42.5454,29.8,65,100,3.25,SO,1701068500
128,utrik,11.2278,169.8474,27.64,78,100,9.27,MH,1701068502
129,minas de marcona,-15.2119,-75.1103,14.77,85,30,3.86,PE,1701068502
130,prince rupert,54.3161,-130.3201,6.83,91,100,6.17,CA,1701068437
131,isafjordur,66.0755,-23.124,4.78,89,100,5.02,IS,1701068503
132,keelung,25.1283,121.7419,23.94,68,26,3.99,TW,1701068504
133,pamandzi,-12.7967,45.2794,30.88,70,20,4.63,YT,1701068504
134,invercargill,-46.4,168.35,12.79,94,100,1.79,NZ,1701068421
135,badagara,11.6,75.5833,30.11,62,69,2.56,IN,1701068505
136,daromehar,24.7946,68.1805,25.06,40,0,6.46,PK,1701068505
137,west island,-12.1568,96.8225,28.99,58,100,5.66,CC,1701068505
138,mtambile,-5.3833,39.7,27.39,78,67,4.32,TZ,1701068506
139,corn island,12.1694,-83.0418,28.32,79,100,8.45,NI,1701068507
140,tura,25.5198,90.2201,26.69,41,26,1.37,IN,1701068507
141,shitanjing,39.2342,106.3439,-0.1,37,0,6.6,CN,1701068507
142,klyuchi,52.2667,79.1667,2.39,80,100,4.99,RU,1701068508
143,port saint john's,-31.6229,29.5448,27.3,73,0,1.9,ZA,1701068508
144,planaltina,-15.4528,-47.6142,19.77,89,100,1.66,BR,1701068446
145,amuntai,-2.4177,115.2494,27.51,87,100,0.71,ID,1701068509
146,thompson,55.7435,-97.8558,-16.91,71,100,2.57,CA,1701068509
147,remire-montjoly,4.9167,-52.2667,26.02,94,20,1.54,GF,1701068509
148,talnakh,69.4865,88.3972,-23.67,98,34,3.25,RU,1701068510
149,abepura,-2.6333,140.5833,28.45,74,40,0.51,ID,1701068510
150,kingston,17.997,-76.7936,26.53,78,20,2.06,JM,1701068252
151,keflavik,64.0049,-22.5624,6.24,100,100,9.26,IS,1701068511
152,viitasaari,63.0667,25.8667,-16.05,97,39,3.23,FI,1701068511
153,georgetown,5.4112,100.3354,30.96,79,40,4.12,MY,1701068269
154,gadzhiyevo,69.2551,33.3362,-16.44,93,81,2.38,RU,1701068512
155,fortuna,40.5982,-124.1573,3.51,100,0,5.14,US,1701068512
156,arteche,12.2645,125.4048,28.56,74,15,2.95,PH,1701068512
157,bredasdorp,-34.5322,20.0403,23.74,38,6,1.26,ZA,1701068512
158,san andres,12.5847,-81.7006,29.01,84,40,5.66,CO,1701068512
159,road town,18.4167,-64.6167,27.58,66,39,7.66,VG,1701068513
160,princeville,45.7668,-61.2985,2.17,91,100,2.57,CA,1701068513
161,darhan,49.4867,105.9228,-10.83,82,19,2.04,MN,1701068513
162,zambezi,-13.5432,23.1047,22.44,72,97,2.74,ZM,1701068513
163,alenquer,-1.9417,-54.7383,23.38,91,90,1.46,BR,1701068514
164,lautoka,-17.6167,177.4667,27.92,78,40,5.66,FJ,1701068476
165,nalut,30.3333,10.85,11.27,52,30,4.39,LY,1701068514
166,najran,17.4924,44.1277,23.36,30,11,1.78,SA,1701068514
167,vilyuchinsk,52.9306,158.4028,-5.04,78,28,4.39,RU,1701068515
168,hamilton,39.1834,-84.5333,0.79,77,89,7.6,US,1701068384
169,tsiombe,-25.3,45.4833,35.4,30,0,0.87,MG,1701068515
170,gallup,35.5281,-108.7426,-7.09,86,0,0.0,US,1701068515
171,palmira,3.5394,-76.3036,21.41,100,20,1.03,CO,1701068516
172,canmore,51.0834,-115.3521,-4.78,93,100,3.09,CA,1701068516
173,wenling,28.3669,121.36,18.59,69,14,3.36,CN,1701068516
174,kiunga,-6.1219,141.2906,31.22,67,93,0.57,PG,1701068517
175,kukmor,56.1855,50.8944,-0.8,82,20,5.07,RU,1701068517
176,badger,64.8,-147.5333,-5.91,90,90,0.54,US,1701068517
177,savannah,32.0835,-81.0998,9.98,94,100,4.12,US,1701068252
178,petoskey,45.3733,-84.9553,-0.09,87,100,7.6,US,1701068518
179,shihezi,44.3,86.0333,4.22,62,100,1.74,CN,1701068518
180,medyn',54.9692,35.8586,-2.92,91,100,2.68,RU,1701068518
181,tolanaro,-25.0319,46.9987,30.04,66,20,6.17,MG,1701068518
182,queenstown,-31.8976,26.8753,28.41,30,0,1.0,ZA,1701068518
183,chaoyang,41.5703,120.4586,-0.33,40,100,5.69,CN,1701068519
184,pangody,65.85,74.4859,-20.57,100,52,3.18,RU,1701068519
185,machico,32.7,-16.7667,19.28,78,40,2.57,PT,1701068519
186,coquimbo,-29.9533,-71.3436,13.85,94,100,2.06,CL,1701068519
187,iskateley,67.6803,53.1512,-23.72,100,45,2.45,RU,1701068520
188,aripuana,-9.1667,-60.6333,22.16,87,11,0.83,BR,1701068520
189,touros,-5.1989,-35.4608,24.13,86,34,4.67,BR,1701068520
190,northam,51.0333,-4.2167,13.14,96,100,6.92,GB,1701068521
191,rongelap,11.1635,166.8941,27.8,79,95,9.8,MH,1701068521
192,kuala tungkal,-0.8167,103.4667,27.35,84,100,2.37,ID,1701068521
193,saipan,15.1355,145.701,28.31,77,15,9.56,MP,1701068521
194,kyabe,9.4515,18.9449,30.59,33,82,0.7,TD,1701068522
195,kavieng,-2.5744,150.7967,29.14,70,55,1.4,PG,1701068522
196,muynoq,43.7683,59.0214,16.54,25,0,6.42,UZ,1701068523
197,liman,48.9884,37.8023,0.08,77,100,12.27,UA,1701068523
198,westport,41.1415,-73.3579,13.03,90,100,7.2,US,1701068520
199,kushiro,42.975,144.3747,5.53,60,40,3.09,JP,1701068283
200,villa de cos,23.2833,-102.35,11.46,81,100,5.51,MX,1701068525
201,anadyr,64.75,177.4833,2.28,87,75,11.0,RU,1701068525
202,smidovich,48.6,133.8167,-19.12,96,80,2.6,RU,1701068526
203,kutoarjo,-7.7169,109.9128,31.23,52,36,4.34,ID,1701068526
204,la passe,45.5549,-0.8967,5.13,87,100,4.37,FR,1701068527
205,necochea,-38.5473,-58.7368,13.72,95,71,5.76,AR,1701068527
206,puerto baquerizo moreno,-0.9,-89.6,24.0,79,94,4.01,EC,1701068527
207,ghat,24.9647,10.1728,16.18,27,3,1.89,LY,1701068528
208,guixi,28.2886,117.2133,19.17,51,0,1.96,CN,1701068528
209,kayangel,8.0823,134.7173,28.05,82,100,6.4,PW,1701068528
210,jieshi,22.8134,115.8257,23.29,60,11,3.73,CN,1701068529
211,ola,59.5833,151.2833,-17.48,75,97,5.55,RU,1701068529
212,luderitz,-26.6481,15.1594,28.04,39,0,6.9,NA,1701068530
213,port lincoln,-34.7333,135.8667,17.19,73,81,9.76,AU,1701068363
214,yeniseysk,58.4497,92.1703,-16.14,86,12,2.68,RU,1701068531
215,ginir,7.1333,40.7,20.45,39,7,4.73,ET,1701068531
216,buala,-8.145,159.5921,27.73,82,100,1.68,SB,1701068531
217,yur'yevets,57.3201,43.1041,2.05,93,100,7.12,RU,1701068531
218,la ronge,55.1001,-105.2842,-12.86,72,100,0.51,CA,1701068532
219,irondequoit,43.2134,-77.5797,6.83,79,100,2.57,US,1701068523
220,hithadhoo,-0.6,73.0833,28.15,74,80,3.12,MV,1701068533
221,olinda,-8.0089,-34.8553,23.85,100,75,4.63,BR,1701068532
222,chadan,51.2833,91.5833,-7.95,86,53,0.79,RU,1701068533
223,santa cruz,-17.8,-63.1667,23.7,94,75,4.63,BO,1701068254
224,saldanha,-33.0117,17.9442,21.03,74,6,6.54,ZA,1701068510
225,chibougamau,49.9168,-74.3659,-3.21,93,100,4.63,CA,1701068534
226,pitkyaranta,61.5734,31.4792,-11.38,93,84,6.26,RU,1701068534
227,margate,51.3813,1.3862,9.39,95,100,3.13,GB,1701068535
228,sungailiat,-1.85,106.1333,27.02,80,100,3.55,ID,1701068535
229,mar del plata,-38.0023,-57.5575,18.82,81,0,1.79,AR,1701068492
230,rosetta,31.4044,30.4164,18.92,57,72,9.52,EG,1701068536
231,sungai penuh,-2.0833,101.3833,22.99,81,94,1.79,ID,1701068536
232,dul'durga,50.6761,113.5931,-13.11,74,77,4.97,RU,1701068537
233,petropavlovsk-kamchatsky,53.0452,158.6483,-5.86,63,20,7.15,RU,1701068537
234,uturoa,-16.7333,-151.4333,26.15,80,30,9.45,PF,1701068538
235,makushino,55.2103,67.2442,1.51,93,100,6.52,RU,1701068538
236,mae ramat,16.984,98.5166,32.67,50,99,3.08,TH,1701068539
237,cherokee,34.2668,-84.4499,8.99,94,100,6.17,US,1701068368
238,rio grande,-32.035,-52.0986,19.97,81,100,4.36,BR,1701068441
239,farafangana,-22.8167,47.8333,28.31,68,5,3.63,MG,1701068540
240,vorkuta,67.5,64.0,-21.65,100,33,2.03,RU,1701068541
241,gaspe,48.8334,-64.4819,-0.05,93,75,1.03,CA,1701068424
242,beyneu,45.3167,55.2,13.41,54,0,6.71,KZ,1701068542
243,katsuura,35.1333,140.3,16.23,65,36,6.37,JP,1701068542
244,scottburgh,-30.2867,30.7532,25.31,83,30,4.77,ZA,1701068543
245,lompoc,34.6391,-120.4579,13.85,70,0,2.57,US,1701068450
246,tisaiyanvilai,8.3333,77.8833,31.08,70,86,6.72,IN,1701068544
247,itaituba,-4.2761,-55.9836,23.66,91,100,0.32,BR,1701068544
248,smithers,54.7804,-127.1743,-0.82,86,100,2.06,CA,1701068545
249,crane,31.3974,-102.3501,5.84,38,79,3.62,US,1701068545
250,kodiak,57.79,-152.4072,3.73,93,100,1.54,US,1701068537
251,kailua-kona,19.6406,-155.9956,23.61,93,95,0.45,US,1701068546
252,ulsteinvik,62.3432,5.8487,2.09,77,0,2.24,NO,1701068546
253,albertina,-22.2008,-46.6158,17.15,93,88,2.24,BR,1701068547
254,san agustin de valle fertil,-30.6335,-67.4682,21.22,78,77,1.59,AR,1701068547
255,borkum,53.5809,6.6915,4.41,89,100,6.11,DE,1701068548
256,fortaleza,-3.7227,-38.5247,28.93,71,40,4.12,BR,1701068405
257,namsos,64.4662,11.4957,-4.97,85,0,8.23,NO,1701068290
258,ewo,-0.8725,14.8206,25.96,80,21,0.73,CG,1701068549
259,cayeli,41.0923,40.7292,7.39,93,100,1.64,TR,1701068549
260,palestina,31.9216,35.2033,13.13,93,96,10.86,PS,1701068550
261,tougue,11.4667,-11.6,19.69,62,5,0.55,GN,1701068550
262,sandnessjoen,66.0217,12.6316,-2.94,68,0,3.6,NO,1701068550
263,muisne,0.6,-80.0333,24.89,86,99,2.88,EC,1701068551
264,polyarnyy,69.1989,33.4478,-16.05,92,70,2.55,RU,1701068552
265,pampa del indio,-26.0647,-59.919,21.64,99,100,1.24,AR,1701068552
266,qaqortoq,60.7167,-46.0333,-10.63,88,25,3.48,GL,1701068552
267,wailua homesteads,22.0669,-159.378,22.08,90,100,0.89,US,1701068553
268,bubaque,11.2833,-15.8333,26.63,67,0,2.95,GW,1701068553
269,fontanelas,38.8472,-9.4372,12.55,86,27,1.91,PT,1701068553
270,phek,25.6667,94.5,20.61,23,40,0.18,IN,1701068554
271,yamada,39.4667,141.95,8.43,92,99,0.96,JP,1701068554
272,ketchikan,55.3422,-131.6461,7.99,97,100,3.02,US,1701068555
273,emkhomazi,-30.2067,30.7978,25.54,82,39,4.29,ZA,1701068555
274,mondlo,-27.983,30.7177,27.56,53,0,1.07,ZA,1701068555
275,cide,41.8921,33.0044,3.54,91,100,7.43,TR,1701068556
276,nuuk,64.1835,-51.7216,-0.66,80,100,9.26,GL,1701068414
277,tottori,35.5,134.2333,16.04,55,20,5.14,JP,1701068261
278,peace river,56.2501,-117.286,-1.83,93,100,2.57,CA,1701068360
279,steinbach,50.1667,8.5667,4.21,89,0,5.14,DE,1701068558
280,tarnogskiy gorodok,60.4997,43.5761,-5.94,94,100,5.63,RU,1701068558
281,seeb,23.6703,58.1891,26.97,52,0,2.21,OM,1701068559
282,baijiantan,45.6333,85.1833,5.21,63,100,1.14,CN,1701068559
283,ambikapur,23.1167,83.2,24.07,40,100,2.39,IN,1701068560
284,chernyshevsk,52.5243,117.0174,-18.3,85,18,1.55,RU,1701068560
285,lazaro cardenas,17.9583,-102.2,25.13,77,100,1.43,MX,1701068384
286,ciudad del carmen,18.6333,-91.8333,26.04,86,70,5.29,MX,1701068561
287,tinghir,31.5157,-5.5343,9.0,26,1,1.4,MA,1701068561
288,valle de la pascua,9.2155,-66.0073,22.32,93,4,2.08,VE,1701068562
289,kerikeri,-35.2268,173.9474,17.73,71,25,3.88,NZ,1701068562
290,belgaum,15.8667,74.5,27.95,65,40,3.09,IN,1701068563
291,manaure,11.7751,-72.4445,26.99,80,8,8.49,CO,1701068563
292,camacupa,-12.0167,17.4833,19.25,86,98,2.02,AO,1701068563
293,cill airne,52.05,-9.5167,7.12,96,10,1.65,IE,1701068564
294,berbera,10.4396,45.0143,27.27,62,7,1.52,SO,1701068564
295,sona,45.4388,10.8255,3.75,79,75,1.03,IT,1701068564
296,luanda,-8.8368,13.2343,29.0,79,40,3.09,AO,1701068564
297,bondo,3.8146,23.6866,25.19,78,55,1.61,CD,1701068565
298,morant bay,17.8815,-76.4093,26.79,81,23,3.94,JM,1701068565
299,selebi-phikwe,-21.979,27.8498,30.75,25,0,5.48,BW,1701068566
300,namibe,-15.1961,12.1522,23.57,78,99,1.63,AO,1701068566
301,los frentones,-26.4077,-61.4137,22.02,99,100,2.28,AR,1701068566
302,chokwe,-24.5333,32.9833,31.17,47,1,2.11,MZ,1701068567
303,tazovsky,67.4667,78.7,-16.58,97,97,4.19,RU,1701068567
304,tarawa,1.419,172.984,28.05,94,75,1.03,KI,1701068567
305,las palmas de gran canaria,28.0997,-15.4134,20.07,68,75,3.09,ES,1701068568
306,noosa heads,-26.3833,153.15,25.06,83,100,4.17,AU,1701068334
307,viransehir,37.2353,39.7631,13.29,67,51,8.69,TR,1701068568
308,barnham,50.8312,-0.6379,9.99,98,100,0.45,GB,1701068568
309,happy valley-goose bay,53.3168,-60.3315,-6.83,86,20,2.57,CA,1701068405
310,laguna,38.421,-121.4238,9.49,75,0,0.0,US,1701068569
311,ponta delgada,37.7333,-25.6667,18.4,94,75,9.26,PT,1701068569
312,remontnoye,46.5614,43.6501,7.06,60,100,9.4,RU,1701068569
313,bereznik,62.8551,42.7072,-11.42,87,100,3.19,RU,1701068570
314,santiago de cao,-7.9589,-79.2392,18.07,88,100,3.09,PE,1701068570
315,sarupathar,26.1984,93.8094,28.12,57,20,1.8,IN,1701068570
316,tamalpais valley,37.8796,-122.5458,13.72,60,1,0.89,US,1701068570
317,kijang,35.2442,129.2139,13.85,70,65,4.99,KR,1701068571
318,turbat,26.0023,63.044,26.26,30,0,0.43,PK,1701068571
319,kargasok,59.0556,80.8572,-13.35,100,82,1.79,RU,1701068571
320,puerto aysen,-45.4,-72.7,9.11,76,100,0.35,CL,1701068571
321,illizi,26.4833,8.4667,8.89,24,6,1.12,DZ,1701068546
322,sabha,27.0377,14.4283,13.51,45,54,3.69,LY,1701068572
323,torit,4.4133,32.5678,27.99,62,89,0.75,SS,1701068572
324,ambon,-3.6954,128.1814,31.08,66,40,3.09,ID,1701068572
325,lucapa,-8.4192,20.7447,20.53,93,100,2.0,AO,1701068573
326,genhe,50.7833,121.5167,-14.97,60,15,2.19,CN,1701068573
327,camlachie,43.036,-82.1616,1.01,91,100,3.6,CA,1701068573
328,trevelin,-43.0858,-71.4639,10.71,87,100,0.86,AR,1701068573
329,pisco,-13.7,-76.2167,19.03,82,0,5.14,PE,1701068574
330,vernon,50.2581,-119.2691,3.2,86,100,0.51,CA,1701068462
331,bethanie,-26.4833,17.15,30.42,14,1,1.68,NA,1701068574
332,arraial do cabo,-22.9661,-42.0278,22.65,81,97,7.37,BR,1701068575
333,sonoita,31.85,-112.8333,14.47,34,88,1.65,MX,1701068575
334,puerto ayacucho,5.6639,-67.6236,23.29,93,83,1.46,VE,1701068575
335,keyser,39.4409,-78.9739,7.83,94,95,4.51,US,1701068576
336,uribia,11.7139,-72.266,26.69,79,9,7.68,CO,1701068576
337,susuman,62.7833,148.1667,-20.9,99,100,1.72,RU,1701068576
338,sao joao da barra,-21.6403,-41.0511,22.86,81,92,3.02,BR,1701068577
339,cockburn town,21.4612,-71.1419,26.75,75,55,7.47,TC,1701068577
340,garoowe,8.4054,48.4845,28.03,41,21,5.41,SO,1701068577
341,tuy hoa,13.0833,109.3,25.04,80,100,7.63,VN,1701068578
342,vadso,70.0744,29.7487,-9.91,79,0,2.06,NO,1701068578
343,glace bay,46.1969,-59.957,0.99,90,40,1.79,CA,1701068578
344,san antonio de pale,-1.4014,5.6325,26.28,82,100,1.46,GQ,1701068578
345,kavaratti,10.5669,72.642,28.74,70,43,2.72,IN,1701068579
346,santa elena de uairen,4.6167,-61.1333,18.82,90,99,1.55,VE,1701068579
347,markala,13.7021,-6.0659,22.77,18,7,3.45,ML,1701068580
348,amungan,15.3652,119.9582,29.38,71,16,4.09,PH,1701068580
349,nanakuli,21.3906,-158.1547,23.97,83,0,3.6,US,1701068580
350,fianarantsoa,-21.4333,47.0833,29.31,35,4,2.41,MG,1701068581
351,arar,30.9753,41.0381,18.01,34,0,8.23,SA,1701068581
352,manay,7.215,126.5397,29.27,72,11,3.65,PH,1701068581
353,adrar,20.5022,-10.0711,14.74,23,0,4.38,MR,1701068582
354,nagqu,31.5,92.0,-0.5,22,97,2.37,CN,1701068583
355,nikolayevsk-on-amure,53.1406,140.73,-15.75,80,41,3.08,RU,1701068583
356,cidreira,-30.1811,-50.2056,20.09,92,100,6.22,BR,1701068546
357,san patricio,28.017,-97.5169,12.13,44,100,4.72,US,1701068584
358,abu al matamir,30.9102,30.1744,15.27,51,100,6.07,EG,1701068585
359,jianguang,28.1938,115.7836,20.03,48,0,2.01,CN,1701068585
360,waingapu,-9.6567,120.2641,30.15,64,59,3.04,ID,1701068586
361,tome,-36.6167,-72.95,12.34,81,0,2.69,CL,1701068586
362,katsuren-haebaru,26.3369,127.8719,24.21,75,100,6.17,JP,1701068587
363,igarka,67.4667,86.5833,-26.17,97,78,3.07,RU,1701068587
364,bratsk,56.1325,101.6142,-17.59,73,90,1.72,RU,1701068588
365,nemuro,43.3236,145.575,3.5,59,88,3.04,JP,1701068588
366,south boston,42.3334,-71.0495,10.15,93,100,10.29,US,1701068589
367,tual,-5.6667,132.75,28.13,74,37,2.57,ID,1701068589
368,nadym,65.5333,72.5167,-19.99,98,95,3.1,RU,1701068589
369,mangrol,21.1167,70.1167,26.39,57,100,2.27,IN,1701068590
370,severo-yeniseyskiy,60.3725,93.0408,-19.22,91,5,0.93,RU,1701068590
371,labasa,-16.4167,179.3833,26.22,89,96,3.05,FJ,1701068592
372,konarka,19.9,86.1167,28.22,47,100,2.66,IN,1701068592
373,mata-utu,-13.2816,-176.1745,28.94,80,96,8.66,WF,1701068593
374,zakamensk,50.3741,103.2863,-9.2,73,68,0.96,RU,1701068593
375,gjirokaster,40.0758,20.1389,5.05,68,8,1.3,AL,1701068594
376,linden,6.0,-58.3,22.14,99,100,0.32,GY,1701068594
377,laojunmiao,39.8333,97.7333,5.89,23,9,2.87,CN,1701068595
378,alofi,-19.0595,-169.9187,25.94,89,100,3.09,NU,1701068595
379,mahina,-17.5065,-149.489,25.87,78,40,1.54,PF,1701068596
380,hirara,24.8,125.2833,25.15,69,75,7.2,JP,1701068596
381,formosa do rio preto,-11.0483,-45.1931,21.8,63,4,1.8,BR,1701068596
382,piti village,13.4626,144.6933,31.05,77,19,8.82,GU,1701068597
383,ad dabbah,18.05,30.95,28.35,18,70,7.43,SD,1701068597
384,metlili chaamba,32.2667,3.6333,7.52,39,0,1.54,DZ,1701068598
385,kirillov,59.863,38.3813,-7.79,92,100,6.71,RU,1701068598
386,gagliano del capo,39.8442,18.3695,10.44,40,12,1.31,IT,1701068599
387,hasaki,35.7333,140.8333,15.22,68,0,4.9,JP,1701068599
388,at taj,24.2049,23.2857,15.34,35,85,3.66,LY,1701068600
389,parauapebas,-6.0675,-49.9022,22.12,98,95,1.21,BR,1701068600
390,codrington,-38.2667,141.9667,13.84,66,100,6.05,AU,1701068601
391,xining,36.6167,101.7667,6.26,24,3,1.97,CN,1701068601
392,snowflake,34.5134,-110.0785,0.39,50,100,2.09,US,1701068601
393,le port,-20.9373,55.2919,29.0,81,24,0.67,RE,1701068602
394,castillos,-34.1667,-53.8333,15.31,96,8,2.45,UY,1701068602
395,lorengau,-2.0226,147.2712,28.79,75,77,1.08,PG,1701068603
396,shindand,33.3029,62.1474,17.55,41,0,5.46,AF,1701068604
397,punta del este,-34.9667,-54.95,18.06,91,0,3.09,UY,1701068403
398,murray bridge,-35.1167,139.2667,20.62,53,4,8.46,AU,1701068604
399,nykvarn,59.8,18.3,-5.06,89,100,3.83,SE,1701068605
400,alibag,18.6411,72.8792,29.04,62,49,3.64,IN,1701068606
401,erenhot,43.6475,111.9767,-9.32,46,1,8.51,CN,1701068606
402,ar ruways,24.1103,52.7306,25.85,50,6,1.95,AE,1701068607
403,dumka,24.2667,87.25,27.93,35,8,1.75,IN,1701068607
404,moussoro,13.6408,16.4901,27.51,18,73,7.3,TD,1701068607
405,klaksvik,62.2266,-6.589,2.51,64,78,8.53,FO,1701068608
406,siwa oasis,29.2041,25.5195,16.7,42,0,3.89,EG,1701068608
407,turpan,42.9333,89.1667,10.43,22,6,0.97,CN,1701068609
408,whangarei,-35.7317,174.3239,15.6,66,81,2.43,NZ,1701068609
409,antsiranana,-12.2787,49.2917,30.42,58,40,7.2,MG,1701068610
410,nyurba,63.2842,118.3319,-14.78,91,100,3.95,RU,1701068610
411,gardnerville ranchos,38.8882,-119.7413,0.95,77,0,0.0,US,1701068611
412,er regueb,34.8593,9.7865,12.2,46,12,2.82,TN,1701068611
413,ad dilam,23.9915,47.1627,29.23,27,11,3.13,SA,1701068611
414,cambridge,43.3601,-80.3127,1.66,94,100,6.17,CA,1701068344
415,new norfolk,-42.7826,147.0587,13.17,58,93,2.27,AU,1701068612
416,samana,19.2056,-69.3369,24.74,89,33,3.81,DO,1701068613
417,khandyga,62.6667,135.6,-33.13,98,94,0.71,RU,1701068613
418,kalmunai,7.4167,81.8167,28.18,79,96,4.34,LK,1701068614
419,reggane,26.7158,0.1714,15.06,29,0,3.08,DZ,1701068614
420,nantucket,41.2835,-70.0995,11.06,90,100,13.89,US,1701068579
421,fort irwin,35.2627,-116.6848,3.74,38,100,0.0,US,1701068615
422,shortandy,51.7006,70.9994,1.74,59,100,6.44,KZ,1701068615
423,ancud,-41.8697,-73.8203,10.87,82,100,2.68,CL,1701068427
424,praia da vitoria,38.7333,-27.0667,17.64,100,20,6.24,PT,1701068616
425,arkhangel'sk,64.5401,40.5433,-17.15,95,89,2.67,RU,1701068616
426,molde,62.7375,7.1591,-2.09,80,0,10.8,NO,1701068617
427,tubarao,-28.4667,-49.0069,17.53,99,100,0.97,BR,1701068531
428,la dorada,5.4478,-74.6631,22.56,93,83,0.59,CO,1701068617
429,antofagasta,-23.65,-70.4,16.6,84,32,1.03,CL,1701068516
430,yeppoon,-23.1333,150.7333,20.88,77,100,4.68,AU,1701068618
431,flying fish cove,-10.4217,105.6791,27.82,65,75,4.12,CX,1701068619
432,datca,36.7378,27.6842,11.03,61,65,8.21,TR,1701068619
433,port pirie,-33.1833,138.0167,25.36,48,60,1.25,AU,1701068619
434,east london,-33.0153,27.9116,25.52,69,0,5.66,ZA,1701068620
435,xinmin,41.9908,122.8253,-2.96,61,100,5.27,CN,1701068620
436,saudarkrokur,65.7461,-19.6394,2.45,88,100,4.99,IS,1701068621
437,colorado,-22.8375,-51.9731,18.5,94,100,2.78,BR,1701068622
438,robbah,33.2797,6.9098,5.8,52,5,2.12,DZ,1701068622
439,chifeng,42.2683,118.9636,-3.38,39,100,8.31,CN,1701068623
440,kone,-21.0595,164.8658,24.41,69,100,1.23,NC,1701068623
441,pochinki,54.6988,44.8668,3.79,90,100,6.78,RU,1701068624
442,sierra vista,31.5545,-110.3037,10.21,57,20,1.54,US,1701068414
443,kapuskasing,49.4169,-82.4331,-1.95,100,100,2.57,CA,1701068624
444,mkushi,-13.6202,29.3939,26.48,48,97,2.63,ZM,1701068624
445,inirida,3.8653,-67.9239,22.91,96,100,1.12,CO,1701068625
446,nica,43.7031,7.2661,12.71,65,75,5.66,FR,1701068625
447,fort stockton,30.894,-102.8793,5.97,65,0,3.09,US,1701068625
448,malango,-2.9627,119.9001,24.5,91,100,1.05,ID,1701068625
449,santa marta,11.2408,-74.199,28.83,75,99,5.36,CO,1701068512
450,jinchang,38.4953,102.1739,6.94,29,18,2.94,CN,1701068626
451,hakodate,41.7758,140.7367,5.17,65,75,2.06,JP,1701068334
452,majene,-3.5403,118.9707,27.24,81,98,2.0,ID,1701068626
453,forster,-32.1667,152.5167,22.38,88,40,1.99,AU,1701068627
454,zalari,53.5584,102.5065,-13.05,74,100,1.38,RU,1701068627
455,al qadarif,14.0349,35.3834,32.49,25,5,4.7,SD,1701068627
456,san jose,37.3394,-121.895,12.92,61,75,0.45,US,1701068628
457,don luan,11.5333,106.9167,30.52,58,100,0.37,VN,1701068628
458,saint-philippe,-21.3585,55.7679,28.77,69,8,3.95,RE,1701068628
459,rengasdengklok,-6.1592,107.2981,29.07,63,95,3.37,ID,1701068629
460,ulladulla,-35.35,150.4667,22.09,85,100,3.32,AU,1701068629
461,sinabang,2.4803,96.3801,26.81,81,100,3.37,ID,1701068629
462,hitachi,36.6,140.65,16.53,81,0,2.38,JP,1701068629
463,levelland,33.5873,-102.378,-1.56,40,27,3.12,US,1701068478
464,imbituba,-28.24,-48.6703,20.17,93,100,4.4,BR,1701068481
465,togur,58.3631,82.8265,-9.92,93,48,0.89,RU,1701068630
466,luorong,24.4058,109.6086,25.23,47,0,2.42,CN,1701068630
467,miyaly,48.8844,53.7836,7.05,64,3,7.25,KZ,1701068630
468,palikir - national government center,6.9248,158.1611,28.41,84,75,3.09,FM,1701068631
469,jieshou,33.2634,115.3611,18.69,21,0,5.33,CN,1701068631
470,las tablas,7.7667,-80.2833,25.34,90,69,4.06,PA,1701068631
471,minab,27.1467,57.0801,25.33,61,5,4.05,IR,1701068631
472,starkville,33.4504,-88.8184,3.69,81,0,2.06,US,1701068625
473,soio,-6.1349,12.3689,26.85,84,100,2.42,AO,1701068632
474,impfondo,1.6381,18.0667,25.29,83,91,1.19,CG,1701068632
475,arawa,-6.2132,155.5367,27.44,88,82,1.39,PG,1701068632
476,boguchany,58.3814,97.4531,-17.3,79,10,0.89,RU,1701068632
477,mhamid,29.82,-5.72,11.55,28,0,1.74,MA,1701068633
478,kirgiz-miyaki,53.6324,54.7979,2.36,68,9,6.42,RU,1701068633
479,minot,48.2325,-101.2963,-9.88,73,100,3.6,US,1701068345
480,kaa-khem,51.6833,94.7333,-12.0,93,98,1.69,RU,1701068633
481,itoman,26.1247,127.6694,24.21,75,75,8.23,JP,1701068634
482,santa ana,33.7456,-117.8678,17.17,26,0,3.09,US,1701068393
483,zhaotong,27.3167,103.7167,16.93,41,5,1.47,CN,1701068634
484,horta,38.5333,-28.6333,17.23,94,86,2.68,PT,1701068634
485,lospalos,-8.5186,127.0025,30.81,50,70,2.28,TL,1701068635
486,st. john's,47.5649,-52.7093,1.1,88,75,2.57,CA,1701068405
487,puquio,-14.7,-74.1333,11.98,67,90,0.04,PE,1701068635
488,labrador city,52.9463,-66.9114,-15.05,92,75,0.0,CA,1701068636
489,anjiang,27.3194,110.1031,22.41,47,0,1.17,CN,1701068636
490,regina,50.4501,-104.6178,-6.94,83,100,4.12,CA,1701068595
491,nar'yan-mar,67.6713,53.087,-23.71,100,47,2.42,RU,1701068636
492,baishishan,43.5833,127.5667,-4.69,92,100,2.42,CN,1701068636
493,dryden,49.7833,-92.7503,-15.84,78,40,4.12,CA,1701068461
494,los yebenes,39.5816,-3.8706,5.63,73,10,2.38,ES,1701068637
495,muroto-misakicho,33.2833,134.15,15.68,88,100,2.26,JP,1701068637
496,villa dolores,-31.9459,-65.1896,18.16,64,12,1.83,AR,1701068637
497,es castell,39.8795,4.2854,16.38,77,75,4.63,ES,1701068637
498,roxas,11.5853,122.7511,27.86,82,100,3.94,PH,1701068638
499,portland,45.5234,-122.6762,7.99,67,0,5.81,US,1701068361
500,al wajh,26.2455,36.4525,25.97,41,0,3.09,SA,1701068638
501,tibanbang,6.6315,126.1055,28.7,72,30,2.47,PH,1701068638
502,broome,42.2506,-75.833,4.7,89,99,0.89,US,1701068639
503,fuqing,25.725,119.3794,21.87,57,3,3.44,CN,1701068639
504,orangeville,43.9168,-80.0997,1.32,89,100,6.47,CA,1701068639
505,baruun-urt,46.6806,113.2792,-17.04,84,2,4.09,MN,1701068640
506,awjilah,29.1081,21.2869,17.19,44,6,3.02,LY,1701068640
507,orenburg,51.7727,55.0988,3.01,70,0,7.51,RU,1701068640
508,ugoofaaru,5.6667,73.0,28.03,77,36,4.69,MV,1701068640
509,grand falls-windsor,48.9332,-55.6649,0.28,77,8,2.03,CA,1701068492
510,trujillo,-8.116,-79.03,17.98,88,100,3.09,PE,1701068387
511,bull savanna,17.8868,-77.5902,24.19,86,17,2.43,JM,1701068641
512,callao,-12.0667,-77.15,20.95,82,0,5.14,PE,1701068641
513,motueka,-41.1333,173.0167,15.3,81,100,0.62,NZ,1701068641
514,hobyo,5.3505,48.5268,29.09,64,96,6.72,SO,1701068642
515,nea alikarnassos,35.3333,25.1667,14.34,46,40,4.12,GR,1701068643
516,weleri,-6.9713,110.0666,31.94,67,95,3.21,ID,1701068643
517,pervomaysk,48.0443,30.8507,-4.17,75,74,9.93,UA,1701068643
518,maues,-3.3836,-57.7186,23.81,89,95,0.06,BR,1701068644
519,tarui,35.3667,136.5333,16.06,100,45,0.98,JP,1701068644
520,moyynkum,44.2914,72.9469,14.52,32,87,4.07,KZ,1701068645
521,galveston,29.3669,-94.9669,8.92,64,100,1.79,US,1701068618
522,deli tua,3.5078,98.6839,29.84,74,20,6.26,ID,1701068646
523,enriquillo,17.9,-71.2333,25.06,90,8,4.38,DO,1701068646
524,langarud,37.197,50.1535,26.03,36,85,3.64,IR,1701068647
525,lagoa vermelha,-28.2086,-51.5258,14.57,94,100,2.36,BR,1701068647
526,inarajan village,13.2736,144.7484,31.11,83,21,8.84,GU,1701068648
527,nema,57.5067,50.5011,-0.43,83,25,4.65,RU,1701068648
528,as sulayyil,20.4607,45.5779,27.14,30,91,2.95,SA,1701068649
529,bamboo flat,11.7,92.7167,31.05,70,75,4.63,IN,1701068649
530,qiqihar,47.3408,123.9672,-10.37,87,100,2.33,CN,1701068650
531,inhambane,-23.865,35.3833,28.99,62,40,0.0,MZ,1701068650
532,salekhard,66.53,66.6019,-27.07,100,99,0.76,RU,1701068650
533,marietta,33.9526,-84.5499,9.02,92,20,7.2,US,1701068481
534,mezhdurechenskiy,59.6,65.9333,1.02,96,100,4.17,RU,1701068651
535,ephrata,40.1798,-76.1788,5.21,83,100,2.57,US,1701068651
536,calama,-22.4667,-68.9333,9.27,25,0,6.69,CL,1701068422
537,ijevan,40.8783,45.1492,15.64,45,10,2.1,AM,1701068651
538,huarmey,-10.0681,-78.1522,19.77,85,96,4.06,PE,1701068652
539,ranau,5.9538,116.6641,27.42,68,100,1.16,MY,1701068653
540,port macquarie,-31.4333,152.9167,24.94,79,92,0.72,AU,1701068513
541,goseong,34.9763,128.3236,13.02,76,72,3.35,KR,1701068539
542,la sarre,48.8002,-79.1996,-1.72,97,100,3.44,CA,1701068485
543,kusheriki,10.5328,6.4422,24.01,76,31,0.43,NG,1701068654
544,zeya,53.75,127.2667,-16.4,48,17,2.06,RU,1701068654
545,kuyeda,56.4311,55.5886,0.41,80,24,3.72,RU,1701068655
546,aral,40.5156,81.2636,9.34,24,93,1.2,CN,1701068655
547,kolno,53.4115,21.9291,-8.31,92,19,2.28,PL,1701068656
548,mhangura,-16.8939,30.1683,28.86,34,0,3.02,ZW,1701068656
549,usogorsk,63.4106,48.6872,-12.41,95,100,3.15,RU,1701068656
550,amahai,-3.3333,128.9167,27.85,80,100,1.99,ID,1701068657
551,usinsk,65.9939,57.5281,-18.23,94,100,3.05,RU,1701068657
552,priargunsk,50.3691,119.1012,-20.89,94,12,1.03,RU,1701068657
553,sao jose da coroa grande,-8.8978,-35.1478,23.64,82,1,1.86,BR,1701068658
554,ojai,34.4481,-119.2429,16.05,28,100,3.45,US,1701068658
555,tazacorte,28.629,-17.9293,19.54,76,100,2.68,ES,1701068659
556,mckinleyville,40.9465,-124.1006,3.43,93,0,2.57,US,1701068659
557,kamwenge,0.1866,30.4539,16.91,99,100,0.4,UG,1701068660
